0.000000 18.083753 20.191893 22.378112 12.860963 14.969103 17.249572 7.582963 9.730143 14.952932
18.083753 0.000000 5.792213 11.070213 5.222790 7.252850 12.381390 10.500790 12.569890 14.622819
20.191893 5.792213 0.000000 5.980713 7.330930 5.222790 7.291890 12.608930 10.461750 12.514680
22.378112 11.070213 5.980713 0.000000 12.608930 7.519430 5.128540 14.795149 12.647969 10.406540
12.860963 5.222790 7.330930 12.608930 0.000000 5.792213 11.031174 5.278000 7.425180 12.514680
14.969103 7.252850 5.222790 7.519430 5.792213 0.000000 5.941674 7.386140 5.317040 7.425180
17.249572 12.381390 7.291890 5.128540 11.031174 5.941674 0.000000 12.592759 7.519430 5.278000
7.582963 10.500790 12.608930 14.795149 5.278000 7.386140 12.592759 0.000000 6.042622 11.187332
9.730143 12.569890 10.461750 12.647969 7.425180 5.317040 7.519430 6.042622 0.000000 5.925503
14.952932 14.622819 12.514680 10.406540 12.514680 7.425180 5.278000 11.187332 5.925503 0.000000
