NAME : mtspf
COMMENT : file for mtspf test
TYPE : ATSP
DIMENSION : 40
EDGE_WEIGHT_TYPE : EXPLICIT
EDGE_WEIGHT_FORMAT : FULL_MATRIX
EDGE_WEIGHT_SECTION
999999 999999 999999 999999 999999 999999 999999 999999 999999 999999 29 27 16 55 61 70 72 13 35 12 49 34 49 74 95 23 10 24 15 21 0 11 22 77 88 37 36 23 32 23 
999999 999999 999999 999999 999999 999999 999999 999999 999999 999999 18 16 5 44 50 59 61 2 24 1 38 23 38 63 84 12 21 13 26 10 11 0 11 66 77 26 25 12 21 12 
999999 999999 999999 999999 999999 999999 999999 999999 999999 999999 7 5 6 33 39 48 50 11 13 10 27 12 27 52 73 5 32 2 37 7 22 11 0 55 66 15 14 3 10 1 
999999 999999 999999 999999 999999 999999 999999 999999 999999 999999 48 50 61 22 16 7 5 66 48 65 38 49 36 17 18 60 87 57 92 62 77 66 55 0 11 48 49 58 45 54 
999999 999999 999999 999999 999999 999999 999999 999999 999999 999999 59 61 72 33 27 18 16 77 59 76 49 60 47 28 11 71 98 68 103 73 88 77 66 11 0 59 60 69 56 65 
999999 999999 999999 999999 999999 999999 999999 999999 999999 999999 8 10 21 26 32 41 43 24 2 25 12 3 12 37 58 14 47 13 44 16 37 26 15 48 59 0 1 14 5 14 
999999 999999 999999 999999 999999 999999 999999 999999 999999 999999 7 9 20 27 33 42 44 23 1 24 13 2 13 38 59 13 46 12 43 15 36 25 14 49 60 1 0 13 4 13 
999999 999999 999999 999999 999999 999999 999999 999999 999999 999999 10 8 7 36 42 51 53 10 12 11 26 11 26 51 72 2 33 1 34 4 23 12 3 58 69 14 13 0 13 4 
999999 999999 999999 999999 999999 999999 999999 999999 999999 999999 3 5 16 23 29 38 40 21 3 20 17 4 17 42 63 15 42 12 47 17 32 21 10 45 56 5 4 13 0 9 
999999 999999 999999 999999 999999 999999 999999 999999 999999 999999 6 4 7 32 38 47 49 12 12 11 26 11 26 51 72 6 33 3 38 8 23 12 1 54 65 14 13 4 9 0 
999999 999999 999999 999999 999999 999999 999999 999999 999999 999999 0 2 13 26 32 41 43 18 6 17 20 5 20 45 66 12 39 9 44 14 29 18 7 48 59 8 7 10 3 6 
999999 999999 999999 999999 999999 999999 999999 999999 999999 999999 2 0 11 28 34 43 45 16 8 15 22 7 22 47 68 10 37 7 42 12 27 16 5 50 61 10 9 8 5 4 
999999 999999 999999 999999 999999 999999 999999 999999 999999 999999 13 11 0 39 45 54 56 5 19 4 33 18 33 58 79 7 26 8 31 5 16 5 6 61 72 21 20 7 16 7 
999999 999999 999999 999999 999999 999999 999999 999999 999999 999999 26 28 39 0 6 15 17 44 26 43 16 27 14 19 40 38 65 35 70 40 55 44 33 22 33 26 27 36 23 32 
999999 999999 999999 999999 999999 999999 999999 999999 999999 999999 32 34 45 6 0 9 11 50 32 49 22 33 20 13 34 44 71 41 76 46 61 50 39 16 27 32 33 42 29 38 
999999 999999 999999 999999 999999 999999 999999 999999 999999 999999 41 43 54 15 9 0 2 59 41 58 31 42 29 10 25 53 80 50 85 55 70 59 48 7 18 41 42 51 38 47 
999999 999999 999999 999999 999999 999999 999999 999999 999999 999999 43 45 56 17 11 2 0 61 43 60 33 44 31 12 23 55 82 52 87 57 72 61 50 5 16 43 44 53 40 49 
999999 999999 999999 999999 999999 999999 999999 999999 999999 999999 18 16 5 44 50 59 61 0 22 1 36 21 36 61 82 10 23 11 26 8 13 2 11 66 77 24 23 10 21 12 
999999 999999 999999 999999 999999 999999 999999 999999 999999 999999 6 8 19 26 32 41 43 22 0 23 14 1 14 39 60 12 45 11 44 14 35 24 13 48 59 2 1 12 3 12 
999999 999999 999999 999999 999999 999999 999999 999999 999999 999999 17 15 4 43 49 58 60 1 23 0 37 22 37 62 83 11 22 12 27 9 12 1 10 65 76 25 24 11 20 11 
999999 999999 999999 999999 999999 999999 999999 999999 999999 999999 20 22 33 16 22 31 33 36 14 37 0 15 2 25 46 26 59 25 56 28 49 38 27 38 49 12 13 26 17 26 
999999 999999 999999 999999 999999 999999 999999 999999 999999 999999 5 7 18 27 33 42 44 21 1 22 15 0 15 40 61 11 44 10 43 13 34 23 12 49 60 3 2 11 4 11 
999999 999999 999999 999999 999999 999999 999999 999999 999999 999999 20 22 33 14 20 29 31 36 14 37 2 15 0 25 46 26 59 25 56 28 49 38 27 36 47 12 13 26 17 26 
999999 999999 999999 999999 999999 999999 999999 999999 999999 999999 45 47 58 19 13 10 12 61 39 62 25 40 25 0 21 51 84 50 81 53 74 63 52 17 28 37 38 51 42 51 
999999 999999 999999 999999 999999 999999 999999 999999 999999 999999 66 68 79 40 34 25 23 82 60 83 46 61 46 21 0 72 105 71 102 74 95 84 73 18 11 58 59 72 63 72 
999999 999999 999999 999999 999999 999999 999999 999999 999999 999999 12 10 7 38 44 53 55 10 12 11 26 11 26 51 72 0 33 3 32 2 23 12 5 60 71 14 13 2 15 6 
999999 999999 999999 999999 999999 999999 999999 999999 999999 999999 39 37 26 65 71 80 82 23 45 22 59 44 59 84 105 33 0 34 5 31 10 21 32 87 98 47 46 33 42 33 
999999 999999 999999 999999 999999 999999 999999 999999 999999 999999 9 7 8 35 41 50 52 11 11 12 25 10 25 50 71 3 34 0 35 5 24 13 2 57 68 13 12 1 12 3 
999999 999999 999999 999999 999999 999999 999999 999999 999999 999999 44 42 31 70 76 85 87 26 44 27 56 43 56 81 102 32 5 35 0 30 15 26 37 92 103 44 43 34 47 38 
999999 999999 999999 999999 999999 999999 999999 999999 999999 999999 14 12 5 40 46 55 57 8 14 9 28 13 28 53 74 2 31 5 30 0 21 10 7 62 73 16 15 4 17 8 
0 0 0 0 0 0 0 0 0 0 999999 999999 999999 999999 999999 999999 999999 999999 999999 999999 999999 999999 999999 999999 999999 999999 999999 999999 999999 999999 999999 999999 999999 999999 999999 999999 999999 999999 999999 999999 
0 0 0 0 0 0 0 0 0 0 999999 999999 999999 999999 999999 999999 999999 999999 999999 999999 999999 999999 999999 999999 999999 999999 999999 999999 999999 999999 999999 999999 999999 999999 999999 999999 999999 999999 999999 999999 
0 0 0 0 0 0 0 0 0 0 999999 999999 999999 999999 999999 999999 999999 999999 999999 999999 999999 999999 999999 999999 999999 999999 999999 999999 999999 999999 999999 999999 999999 999999 999999 999999 999999 999999 999999 999999 
0 0 0 0 0 0 0 0 0 0 999999 999999 999999 999999 999999 999999 999999 999999 999999 999999 999999 999999 999999 999999 999999 999999 999999 999999 999999 999999 999999 999999 999999 999999 999999 999999 999999 999999 999999 999999 
0 0 0 0 0 0 0 0 0 0 999999 999999 999999 999999 999999 999999 999999 999999 999999 999999 999999 999999 999999 999999 999999 999999 999999 999999 999999 999999 999999 999999 999999 999999 999999 999999 999999 999999 999999 999999 
0 0 0 0 0 0 0 0 0 0 999999 999999 999999 999999 999999 999999 999999 999999 999999 999999 999999 999999 999999 999999 999999 999999 999999 999999 999999 999999 999999 999999 999999 999999 999999 999999 999999 999999 999999 999999 
0 0 0 0 0 0 0 0 0 0 999999 999999 999999 999999 999999 999999 999999 999999 999999 999999 999999 999999 999999 999999 999999 999999 999999 999999 999999 999999 999999 999999 999999 999999 999999 999999 999999 999999 999999 999999 
0 0 0 0 0 0 0 0 0 0 999999 999999 999999 999999 999999 999999 999999 999999 999999 999999 999999 999999 999999 999999 999999 999999 999999 999999 999999 999999 999999 999999 999999 999999 999999 999999 999999 999999 999999 999999 
0 0 0 0 0 0 0 0 0 0 999999 999999 999999 999999 999999 999999 999999 999999 999999 999999 999999 999999 999999 999999 999999 999999 999999 999999 999999 999999 999999 999999 999999 999999 999999 999999 999999 999999 999999 999999 
0 0 0 0 0 0 0 0 0 0 999999 999999 999999 999999 999999 999999 999999 999999 999999 999999 999999 999999 999999 999999 999999 999999 999999 999999 999999 999999 999999 999999 999999 999999 999999 999999 999999 999999 999999 999999 
